#HCal gain coefficients from SBS-2 obtained 9_11_2023 timestamp set --------[ 2022-10-17 00:00:00 ]
Total number of events available to calibrate for this set: 21171
--------[ 2022-10-17 00:00:00 ]
sbs.hcal.adc.gain =
0.00175  0.00266867  0.00263163  0.00180382  0.00381368  0.00185798  0.0024062  0.00332779  0.00145959  0.00145491  0.00222524  0.00374568  
0.00175  0.00343338  0.00377776  0.00348077  0.00367095  0.00462742  0.00309678  0.00033258  0.00283849  0.00309063  0.00219133  0.00256277  
0.00175  0.00125056  0.00147058  0.00360294  0.00337023  0.00360507  0.0020254  0.00204264  0.00246365  0.00275525  0.00109006  0.0031688  
0.00175  0.00389354  0.00252703  0.00273882  0.00297814  0.00293005  0.00368741  0.00423066  0.00376472  0.00349532  0.00387946  0.00296845  
0.00175  0.00307919  0.00330486  0.00320952  0.0030964  0.00292042  0.00370299  0.00383441  0.00368214  0.00358192  0.0030981  0.00272894  
0.00539881  0.00224432  0.00407979  0.00323357  0.00362209  0.00430083  0.00218797  0.00364802  0.00379861  0.00230072  0.00344218  0.00254265  
0.00169373  0.000275533  0.000955392  0.00130344  0.00213968  0.00226357  0.0036353  0.00301415  0.00359628  0.00387362  0.00307733  0.00311957  
0.0030827  0.00186074  0.00361487  0.00374538  0.0032267  0.00304382  0.00391301  0.00397965  0.00416991  0.00335042  0.00396898  0.00326762  
0.00512732  0.00154451  0.000979505  0.00339938  0.00377165  0.00328064  0.0028337  0.00332725  0.00378037  0.00325895  0.00395097  0.00300717  
0.00260136  0.00148176  0.00146341  0.00445934  0.00386275  0.00324646  0.00435376  0.00383747  0.00306305  0.00490117  0.00294537  0.00305697  
0.00607633  0.00171058  0.00137975  0.00415844  0.00344356  0.00397098  0.00374085  0.00434764  0.00409183  0.0040172  0.00228703  0.00216883  
0.0072298  0.00174206  0.00140851  0.00438674  0.00383437  0.00403628  0.00336017  0.00395697  0.00319833  0.00375441  0.00447769  0.00372126  
0.000449533  0.000488912  0.000590922  0.000582451  0.00215514  0.0021467  0.00362556  0.00363234  0.003379  0.00256934  0.00259567  0.0035386  
0.00660769  0.00120219  0.00137378  0.00110814  0.00108169  0.00336839  0.00318758  0.00433566  0.00300645  0.00387839  0.00422526  0.00379699  
0.00212358  0.0017905  0.00117037  0.00140173  0.00156192  0.00461118  0.00397914  0.00402824  0.00287886  0.000387382  0.0040217  0.00341337  
0.00335189  0.00127896  0.00148071  0.00133853  0.00136398  0.00118429  0.00450341  0.00395832  0.00309463  0.00451834  0.00307923  0.00356526  
0.00349821  0.000794794  0.00150729  0.00127622  0.00111391  0.00139497  0.00137369  0.00258447  0.00269574  0.00298621  0.00376329  0.00340549  
0.00274887  0.00140077  0.00135238  0.00107242  0.0015003  0.00127913  0.00167818  0.00187533  0.00464687  0.00273305  0.00421358  0.00366691  
0.0050249  0.00292725  0.00159332  0.00131823  0.00154002  0.00129025  0.00152842  0.00172602  0.00343746  0.00347929  0.00424801  0.0037875  
0.00432152  0.00164664  0.00152238  0.00133137  0.0018508  0.00123938  0.00137083  0.00119434  0.0016172  0.00419169  0.00375234  0.00372496  
0.0045194  0.00171242  0.000476805  0.001309  0.00130803  0.00128104  0.00124791  0.00160076  0.00154403  0.00131706  0.00309343  0.00410904  
0.00265122  0.00116889  0.00190811  0.00166903  0.00179654  0.00185825  0.00169268  0.00158463  0.00158704  0.00105741  0.004211  0.00338812  
0.00175  0.00403728  0.00184311  0.00188862  0.00164165  0.00163744  0.00149042  0.00142973  0.00163888  0.00171401  0.00262937  0.00308539  
0.00731553  0.00733844  0.00269888  0.00236267  0.00204097  0.00246712  0.00241754  0.00240661  0.00195007  0.00151657  0.00263376  0.00416878  

#One Block Std = 
0.00175  0.00266867  0.00263163  0.00180382  0.00263728  0.00185798  0.0024062  0.00332779  0.00145959  0.00145491  0.00222524  0.00374568  
0.00175  0.0028114  0.00168388  0.00165362  0.00176223  0.00191629  0.00127553  0.00033258  0.000987108  0.00208857  0.00104803  0.00256277  
0.00175  0.000549083  0.000775478  0.00143323  0.00133923  0.00150582  0.000878316  0.00116677  0.00122135  0.00180183  0.000868816  0.0031688  
0.00175  0.00165191  0.00138037  0.00117046  0.00117154  0.00130065  0.00149967  0.00168174  0.00171157  0.00208062  0.00191594  0.00296845  
0.00175  0.00131023  0.0015652  0.00146996  0.00149789  0.00122581  0.0015918  0.0015631  0.00183514  0.00202092  0.00184944  0.00272894  
0.00539881  0.00224432  0.00157432  0.00144749  0.00150163  0.00162213  0.00117414  0.00165062  0.00156161  0.00147743  0.00173477  0.00254265  
0.00169373  0.000275533  0.000298944  0.000599265  0.00105645  0.00086871  0.00160354  0.00151191  0.00183094  0.00200068  0.00173649  0.00311957  
0.0030827  0.00186074  0.00144928  0.00160785  0.00141713  0.00129993  0.00175116  0.00180068  0.00199998  0.00208202  0.00197725  0.00326762  
0.00512732  0.00154451  0.000979505  0.00125333  0.00154216  0.00139283  0.00116208  0.00143264  0.00162997  0.00190801  0.00176975  0.00300717  
0.00260136  0.00148176  0.00146341  0.00166698  0.0014947  0.00141715  0.00175344  0.00170741  0.00169573  0.00209187  0.00155949  0.00305697  
0.00607633  0.00171058  0.00137975  0.00161664  0.00163906  0.00177731  0.00175405  0.00177746  0.00180745  0.00197599  0.00126722  0.00216883  
0.0072298  0.00174206  0.00140851  0.00154404  0.00161964  0.00169163  0.00147921  0.00176682  0.00154032  0.00213906  0.00240923  0.00372126  
0.000449533  0.000488912  0.000590922  0.000582451  0.000745794  0.00101917  0.00161642  0.00168821  0.00159181  0.00142471  0.00228241  0.0035386  
0.00660769  0.00120219  0.00137378  0.00110814  0.00108169  0.00150119  0.00135809  0.00178457  0.00133372  0.00214296  0.00270455  0.00379699  
0.00212358  0.0017905  0.00117037  0.00140173  0.00156192  0.00156128  0.00162737  0.00171791  0.00172918  0.000244951  0.00250264  0.00341337  
0.00335189  0.00127896  0.00148071  0.00133853  0.00136398  0.00118429  0.00160078  0.00182872  0.00147448  0.00191438  0.00274045  0.00356526  
0.00349821  0.000794794  0.00150729  0.00127622  0.00111391  0.00139497  0.00137369  0.000975249  0.00109081  0.00155438  0.00195526  0.00340549  
0.00274887  0.00140077  0.00135238  0.00107242  0.0015003  0.00127913  0.00167818  0.00187533  0.0015864  0.0015361  0.00244788  0.00366691  
0.0050249  0.00292725  0.00159332  0.00131823  0.00154002  0.00129025  0.00152842  0.00172602  0.00125051  0.00149605  0.0020386  0.0037875  
0.00432152  0.00164664  0.00152238  0.00133137  0.0018508  0.00123938  0.00137083  0.00119434  0.0016172  0.00155701  0.00168128  0.00372496  
0.0045194  0.00171242  0.000476805  0.001309  0.00130803  0.00128104  0.00124791  0.00160076  0.00154403  0.00131706  0.00138985  0.00410904  
0.00265122  0.00116889  0.00190811  0.00166903  0.00179654  0.00185825  0.00169268  0.00158463  0.00158704  0.00105741  0.00183152  0.00338812  
0.00175  0.00403728  0.00184311  0.00188862  0.00164165  0.00163744  0.00149042  0.00142973  0.00163888  0.00171401  0.00262937  0.00308539  
0.00731553  0.00733844  0.00269888  0.00236267  0.00204097  0.00246712  0.00241754  0.00240661  0.00195007  0.00151657  0.00263376  0.00416878  

#Number of events available for calibration = 
11  54  63  96  121  72  41  25  28  49  45  7  
21  184  292  438  376  353  215  87  116  226  137  39  
12  108  260  490  449  456  214  237  312  358  216  45  
20  163  402  438  496  514  432  372  344  417  319  73  
19  144  279  376  494  449  422  375  405  419  343  78  
12  97  222  381  419  355  210  430  401  416  261  92  
13  56  137  229  298  206  330  378  408  384  307  88  
5  52  150  287  431  418  355  343  373  375  254  32  
3  28  86  187  337  434  232  312  401  402  250  60  
7  48  82  179  301  383  408  455  450  357  324  83  
4  33  72  134  294  418  484  442  423  369  240  99  
7  45  77  113  196  374  480  425  378  349  221  55  
3  34  57  36  102  189  397  377  367  317  219  43  
4  27  19  54  92  178  338  431  400  401  245  59  
11  46  54  71  82  105  265  429  468  286  262  63  
6  35  28  66  67  72  129  327  490  423  303  88  
2  31  28  45  46  54  61  149  435  462  280  82  
1  21  14  28  41  48  56  99  247  380  286  72  
4  24  40  39  41  51  45  60  157  284  259  71  
2  17  23  38  39  46  48  47  83  175  241  55  
2  10  11  33  39  46  28  34  52  98  185  42  
3  11  29  29  38  48  40  35  51  97  110  34  
2  6  16  14  31  27  18  21  25  30  38  10  
0  0  5  5  7  4  3  5  7  7  8  5  


