#HCal ADCt offsets obtained 12_18_2023 for db adct offset timestamp none
#Offsets obtained from fits over ADCt distributions.
--------[ 2023-09-01 00:00:00 ]
sbs.hcal.adc.timeoffset =
90.713 111.625 109.134 93.0531 132.392 108.027 118.157 126.721 118.745 112.998 101.566 104.125 
110.827 106.63 124.243 129.758 125.993 124.645 103.216 122.731 132.164 131.45 139.147 110.368 
73.7114 143.938 137.152 121.661 146.287 142.599 164.746 129.628 130.285 130.142 119.515 129.385 
124.322 133.206 127.407 127.876 138.892 143.435 143.8 142.894 129.684 127.931 127.794 126.239 
124.658 125.512 127.631 125.661 121.888 123.897 145.494 145.713 131.172 129.963 110.677 107.822 
108.342 125.428 127.057 125.884 124.903 120.46 146.403 143.968 131.018 130.987 108.538 107.99 
125.251 126.022 125.963 131.558 140.769 146.449 142.463 145.297 129.953 129.977 126.767 124.153 
104.473 105.831 108.723 108.89 119.446 121.682 119.319 123.788 113.223 107.229 106.546 103.524 
127.558 123.683 127.294 127.372 124.586 122.203 140.744 143.825 130.706 128.723 110.176 108.37 
127.819 125.792 109.041 110.079 122.369 124.806 139.491 144.585 112.072 109.662 105.866 108.053 
123.68 123.748 124.529 125.591 121.306 120.131 138.206 141.941 130.707 129.681 109.475 102.723 
104.149 104.239 109.062 111.952 142.087 143.145 125.058 125.333 111.905 110.333 126.801 130.857 
121.212 124.625 126.519 130.178 143.514 142.222 131.012 147.115 131.744 128.466 121.62 129.657 
122.492 124.983 127.777 130.22 138.962 137.953 135.237 141.622 125.16 129.481 125.892 125.499 
98.6084 105.108 103.995 109.898 136.606 139.289 119.531 123.901 110.228 113.621 125.033 121.975 
121.932 123.503 126.248 125.576 135.059 134.853 138.384 135.98 128.355 123.382 126.042 119.312 
123.25 120.613 123.259 122.673 122.502 135.169 148.797 139.343 125.995 125.576 121.981 120.31 
121.161 120.949 114.191 126.096 132.104 131.682 133.195 139.553 121.65 123.008 123.66 122.681 
123.156 132.088 123.709 124.237 134.811 136.302 140.4 138.334 123.396 124.233 117.027 122.887 
124.566 126.412 107.525 121.591 126.217 136.128 134.201 141.173 125.718 123.796 122.77 124.896 
123.44 130.645 121.677 127.353 128.548 114.941 140.539 140.839 123.196 128.833 107.583 112.665 
128.342 109.225 117.679 124.469 114.271 114.397 138.512 132.478 125.695 122.056 106.943 103.158 
4.80731 123.792 123.942 119.331 117.243 105.373 154.623 137.987 123.8 126.021 107.032 104.568 
100.729 108.093 103.981 110.722 112.947 111.761 120.749 117.831 105.188 107.173 103.28 104.766 


