#HCal ADCt offsets obtained 8_30_2023 for db adct offset timestamp none
#Offsets obtained from fits over ADCt distributions.
--------[ 2022-11-11 00:00:00 ]
sbs.hcal.adc.timeoffset =
42.4634 44.6194 43.0943 43.2881 60.289 57.2711 56.4028 59.7815 47.167 43.8495 38.0155 43.721 
44.0618 41.9853 61.8986 61.9104 59.436 57.0011 58.6201 60.3356 62.4429 64.3665 54.5363 45.1526 
36.185 64.1827 62.7671 60.7972 79.4538 76.7493 80.1254 80.273 63.8654 64.675 64.8227 62.7994 
60.4101 62.9401 61.7249 63.9371 77.07 76.4639 77.3689 77.2711 63.8205 62.4646 63.5239 62.8415 
63.8873 61.8447 65.786 64.3411 57.2179 57.5964 79.1651 80.1923 65.9942 64.3288 45.4426 43.31 
60.6776 61.2602 62.4648 64.4684 59.6863 56.1807 75.6515 78.9565 65.0465 65.8537 44.4144 42.9242 
64.1653 64.0014 65.415 67.7997 79.0536 81.7993 77.1961 80.1761 63.9805 65.139 62.3706 59.6964 
41.2059 42.0883 43.628 43.9667 57.7433 56.9279 57.4156 58.6138 47.8303 46.0696 45.8963 43.7767 
62.9732 60.3767 63.7217 63.1899 58.8222 56.7883 79.8413 79.4849 65.2289 64.6778 45.086 43.0847 
64.8879 63.1744 44.5712 45.2789 57.1147 58.7934 77.3891 78.0337 46.3862 47.9218 44.4224 43.4893 
59.6604 61.5895 63.886 64.1934 55.918 58.0289 76.4082 76.7645 64.8293 64.04 45.8937 43.0873 
41.1703 40.6282 44.9503 46.5797 76.6143 76.9971 59.3225 59.3226 46.008 45.7099 61.6951 61.4603 
62.0593 64.7879 66.1634 68.9833 81.9452 77.691 81.5935 81.8498 66.2881 67.3496 61.5549 60.8518 
59.4556 62.9036 62.5576 64.9482 74.2504 76.8978 73.8586 76.1267 63.6145 64.7243 61.1825 61.0436 
41.4128 41.825 44.1059 46.0668 75.13 73.4418 57.6557 58.3995 45.3925 48.6999 60.8419 59.687 
57.3655 60.8789 61.5877 61.6864 74.8436 74.8757 73.4682 75.2053 63.8063 62.8764 62.3668 59.627 
59.9483 60.807 62.9784 62.9155 78.0295 71.3962 77.7155 79.4748 62.9857 65.5046 62.1452 59.6129 
58.4209 61.9101 54.7419 62.6411 72.2346 71.5583 72.9035 75.9781 61.3461 62.4348 59.5594 62.7033 
60.3415 63.8653 60.5035 63.8824 74.4527 75.2617 75.5466 74.3204 62.7562 63.8293 59.3042 62.7031 
59.9044 58.5316 60.0972 61.2366 76.69 75.2586 73.4996 77.6119 62.0262 60.1738 62.4371 63.5175 
60.8573 62.7193 61.7255 64.0945 63.175 54.9071 76.1779 76.7155 63.1395 64.8274 44.7557 47.1553 
61.0538 61.1509 58.2597 60.7297 53.6969 50.8599 70.6038 72.902 61.6676 61.8564 42.8124 39.4893 
-17.3852 58.3389 59.7512 59.6889 53.458 51.0823 75.4371 73.8129 59.6236 61.0147 43.3141 39.2119 
41.558 42.3771 41.9484 41.6752 53.2973 52.3151 55.4495 58.6227 41.6263 42.7902 43.5686 40.9917 


