#HCal TDC offsets obtained 12_15_2023 for db tdc offset timestamp --------[ 2022-07-26 00:00:00 ] and for tdc calib timestamp none
#Offsets obtained from fits over TDC distributions.
--------[ 2023-09-01 00:00:00 ]
sbs.hcal.tdc.offset =
-234.268 -404.367 -360.562 -380.296 -490.349 -503.123 -487.03 -516.977 -403.492 -386.544 -373.877 -252.729 
-209.084 -343.044 -379.235 -350.333 -491.454 -339.682 -480.435 -405.131 -240.085 -365.89 -386.423 -601.574 
-243.744 -390.367 -369.821 -349.211 -486.6 -493.146 -506.638 -477.725 -376.407 -377.09 -412.812 -405.893 
-232.728 -321.221 -333.203 -356.015 -443.498 -454.298 -457.29 -462.327 -361.734 -340.167 -370.802 -369.976 
73.6566 62.1982 -338.444 -337.745 -424.924 -437.401 -446.103 -466.54 -339.957 -341.578 -342.606 -363.948 
-215.123 -364.518 -340.811 -365.88 -462.429 -438.616 -337.377 -486.826 -370.87 -372.814 -351.007 -590.153 
-196.432 -423.259 -420.744 -431.713 -521.926 -383.219 -489.909 -501.433 -367.177 -380.183 -389.479 -363.523 
-217.523 -351.807 -395.349 -388.632 -491.021 -497.881 -501.055 -516.61 -405.149 -385.746 -475.548 -296.727 
-198.207 -222.101 -390.046 -394.907 -503.172 -494.91 -564.111 -509.841 -385.464 -390.303 -389.278 -371.012 
-270.621 -386.903 -392.022 -407.956 -491.448 -485.358 -510.345 -494.515 -381.042 -380.515 -390.867 -557.423 
-220.876 -997.026 -370.947 -362.54 -453.204 -477.572 -469.688 -470.267 -379.09 -383.833 -410.585 -370.424 
-251.311 -345.976 -354.034 -350.925 -481.996 -480.926 -472.412 -499.316 -379.583 -376.915 -389.467 -386.287 
-981.016 -378.745 -346.674 -374.053 -531.637 -496.389 -469.301 -489.947 -342.316 -374.116 -303.096 -337.98 
-146.959 -355.207 -201.491 -348.158 -426.166 -458.669 -446.097 -470.375 -368.323 -361.984 -416.31 -977.289 
-266.543 -361.866 -340.831 -354.555 -441.44 -449.771 -459.12 -457.439 -356.112 -391.517 -356.234 -360.875 
80.0519 72.8323 -190.705 -154.725 -443.901 -458.926 -443.33 -465.05 -349.186 -329.647 -354.424 -361.428 
-151.11 -359.835 -224.097 -357.973 -471.221 -448.353 -433.543 -517.345 -347.996 -377.255 -341.856 -368.346 
-354.027 -386.823 -346.283 -395.079 -416.439 -426.052 -585.908 -617.301 -482.293 -512.691 -337.422 -338.168 
-202.976 -181.416 -313.633 -359.607 -589.097 -598.62 -448.717 -451.274 -345.5 -356.752 -516.287 -532.284 
-175.183 -224.664 -339.56 -336.042 -602.252 -625.529 -446.773 -486.456 -365.74 -336.53 -542.926 -562.55 
-187.405 -222.291 -390.099 -360.566 -57.3619 -599.993 -463.052 -496.282 -368.857 -359.387 -532.314 -549.937 
-255.368 -222.16 -177.082 -346.993 -494.852 -469.527 -457.926 -547.154 -386.216 -391.32 -388.286 -382.63 
-148.538 -137.895 -175.815 -194.231 -295.042 -294.775 -320.982 -331.412 -375.62 -376.716 -384.054 -367.153 
-232.035 -361.289 -230.258 -367.897 -484.882 -466.044 -442.41 -691.912 -369.966 -389.665 -577.44 -188.045 




