#HCal TDC offsets obtained 9_5_2023 for db tdc offset timestamp --------[ 2022-07-26 00:00:00 ] and for tdc calib timestamp none
#Offsets obtained from fits over TDC distributions.
--------[ 2022-10-17 00:00:00 ]
sbs.hcal.tdc.offset =
-468.602 -480.413 -460.666 -463.216 -599.934 -570.151 -555.733 -580.574 -474.458 -468.996 -448.016 -492.204 
-454.851 -456.442 -458.228 -443.921 -571.557 -559.782 -584.339 -594.457 -450.178 -455.171 -482.058 -502.654 
-452.762 -491.849 -466.624 -446.454 -576.061 -569.666 -592.834 -602.355 -457.19 -457.027 -503.931 -493.858 
-435.905 -430.477 -425.544 -447.108 -554.623 -553.823 -543.9 -543.204 -439.544 -439.814 -460.386 -478.601 
-429.22 -430.361 -435.06 -433.308 -506.704 -539.935 -540.986 -555.92 -439.751 -439.88 -449.729 -448.084 
-461.392 -456.132 -445.911 -452.946 -540.176 -519.325 -560.799 -569.588 -447.04 -459.5 -441.881 -448.997 
-509.104 -494.054 -507.673 -506.049 -602.321 -607.923 -571.288 -594.528 -462.069 -467.995 -483.508 -488.063 
-471.52 -478.381 -475.626 -475.523 -571.478 -575.791 -581.95 -594.263 -489.027 -485.849 -492.143 -471.779 
-489.231 -478.469 -476.787 -467.032 -576.452 -568.905 -599.653 -590.211 -471.311 -466.66 -486.604 -480.432 
-513.739 -485.985 -479.14 -483.749 -565.799 -569.408 -579.32 -579.375 -468.253 -484.836 -490.031 -468.128 
-451.968 -491.658 -470.477 -479.242 -551.069 -567.825 -569.174 -570.887 -469.936 -468.896 -486.663 -496.796 
-470.336 -463.544 -477.125 -479.511 -567.538 -571.207 -586.871 -586.853 -463.292 -466.959 -463.123 -469.813 
-481.866 -476.62 -477.546 -468.525 -598.605 -574.593 -571.796 -566.034 -435.476 -451.238 -442.327 -444.296 
-433.508 -458.145 -411.467 -449.979 -522.575 -552.225 -533.764 -554.731 -449.031 -448.876 -417.484 -439.317 
-465.175 -452.153 -444.439 -462.377 -555.627 -536.788 -555.365 -562.627 -447.107 -499.819 -449.81 -450.057 
-430.738 -447.683 -419.6 -426.271 -552.742 -569.145 -537.887 -547.837 -446.126 -430.31 -453.853 -457.736 
-437.706 -478.238 -460.915 -456.077 -580.014 -543.548 -570.615 -598.805 -450.183 -466.92 -437.854 -482.645 
-616.248 -636.845 -580.48 -612.485 -529.121 -535.711 -698.794 -716.263 -597.231 -620.625 -421.505 -439.451 
-445.957 -457.081 -418.991 -447.909 -701.289 -693.981 -540.879 -538.506 -439.215 -440.964 -594.326 -616.598 
-434.788 -447.829 -432.764 -433.973 -707.958 -708.962 -537.945 -560.822 -443.196 -426.77 -615.626 -603.881 
-455.333 -446.375 85.6939 -443.408 -691.401 -694.388 -553.712 -560.125 -452.685 -447.345 -622.116 -607.324 
-468.932 -478.302 -439.775 -451.642 -551.364 -534.927 -521.95 -573.76 -450.34 -471.031 -455.979 -463.832 
-458.336 -419.851 -429.116 -434.81 -550.646 -536.144 -554.91 -563.769 -435.664 -444.5 -452.173 -449.867 
-603.818 -610.448 -464.781 -472.051 -556.096 -533.099 -699.243 -737.89 -449.623 -465.017 -453.213 -459.424 




