#HCal TDC offsets obtained 9_8_2023 for db tdc offset timestamp --------[ 2022-07-26 00:00:00 ] and for tdc calib timestamp none
#Offsets obtained from fits over TDC distributions.
--------[ 2022-11-11 00:00:00 ]
sbs.hcal.tdc.offset =
-504.917 -531.114 -517.279 -519.003 -651.171 -625.163 -610.014 -632.598 -521.306 -517.497 -488.605 -529.087 
-505.896 -519.296 -518.158 -506.749 -630.627 -617.78 -639.509 -630.438 -486.081 -507.777 -533.434 -527.964 
-491.522 -546.367 -521.922 -503.116 -632.538 -626.697 -646.437 -644.693 -500.051 -507.767 -533.033 -524.13 
-484.795 -488.735 -486.326 -500.302 -609.351 -607.912 -594.456 -595.616 -492.093 -486.048 -503.499 -509.973 
-486.52 -486.998 -491.464 -483.498 -559.838 -586.895 -590.575 -598.946 -486.537 -480.893 -486.234 -490.219 
-511.714 -508.38 -501.931 -507.577 -589.515 -569.093 -605.755 -621.838 -497.722 -493.941 -474.337 -472.275 
-556.322 -556.261 -532.932 -532.296 -643.749 -650.644 -618.872 -640.302 -504.053 -509.612 -516.104 -518.725 
-516.261 -529.806 -526.649 -525.869 -616.57 -620.504 -628.94 -642.114 -536.217 -521.776 -536.433 -504.954 
-522.501 -522.721 -520 -514.56 -618.047 -612.997 -623.275 -635.598 -514.194 -509.779 -525.608 -510.02 
-519.172 -534.667 -526.228 -528.646 -611.545 -613.088 -621.463 -626.674 -517.435 -530.748 -525.32 -509.868 
-498.745 -512.29 -512.495 -529.595 -594.049 -613.167 -613.768 -614.692 -514.783 -518.202 -515.11 -538.046 
-516.63 -513.67 -518.043 -524.078 -612.526 -599.873 -625.391 -630.942 -511.326 -514.668 -509.918 -505.297 
-508.473 -504.884 -504.904 -501.08 -631.994 -595.128 -614.304 -608.384 -482.582 -492.944 -491.808 -489.71 
-477.083 -495.424 -465.52 -496.921 -560.205 -597.287 -575.948 -600.402 -490.339 -497.926 -466.04 -485.029 
-520.004 -492.915 -493.857 -502.18 -594.542 -574.945 -583.299 -605.134 -495.155 -534.284 -498.835 -490.128 
-469.898 -502.69 -459.446 -464.988 -602.295 -608.416 -582.8 -586.257 -486.352 -474.276 -502.873 -504.256 
-487.542 -493.285 -486.93 -486.575 -619.852 -587.535 -615.748 -620.696 -495.949 -494.682 -489.722 -517.486 
-677.549 -684.048 -629.92 -648.673 -578.738 -577.028 -749.283 -763.039 -643.08 -666.53 -469.681 -479.68 
-493.814 -497.649 -477.018 -501.62 -750.175 -733.776 -587.011 -586.019 -486.194 -487.269 -638.899 -662.415 
-498.218 -469.395 -485.345 -491.322 -756.321 -760.016 -587.922 -612.027 -485.368 -473.92 -659.198 -645.895 
-511.408 -504.338 -393.24 -477.612 -766.548 -746.371 -602.911 -594.425 -500.28 -496.014 -662.59 -632.898 
-530.918 -527.365 -495.639 -494.393 -588.274 -572.961 -578.534 -617.994 -492.504 -500.18 -501.038 -502.079 
-514.857 -486.111 -483.571 -490.869 -593.795 -563.464 -601.795 -586.603 -473.188 -483.569 -490.92 -478.34 
-671.25 -647.279 -502.738 -517.064 -578.591 -578.471 -758.976 -763.394 -487.395 -497.445 -490.475 -484.954 




